%YAML:1.0
---
cameraMatrix: !!opencv-matrix
   rows: 3
   cols: 3
   dt: d
   data: [ 6.0094005351784244e+02, 0., 3.3923548052165324e+02, 0.,
       6.0125849267315652e+02, 2.3342765681055886e+02, 0., 0., 1. ]
distCoeffs: !!opencv-matrix
   rows: 1
   cols: 5
   dt: d
   data: [ -3.7345884906119642e-01, 2.7901299103583632e-01,
       -2.3896522016252433e-03, 5.1104073447923821e-04,
       -9.2870418477935590e-01 ]